ARAD;ZERIND-TIMISOARA-SIBIU;0-75-135-140-190-360-335-260-220-160-118&
ZERIND;ARAD-ORADEA;75-0-71-160-220-335-370-290-260-210-160&
ORADEA;ZERIND-SIBIU;135-71-0-151-240-365-390-340-290-260-210&
SIBIU;ORADEA-ARAD-RIMNICUVILCEA;140-160-151-0-80-190-220-230-190-120-170&
RIMNICUVILCEA;SIBIU-PITESTI-CRAIOVA;190-220-240-80-0-97-146-170-120-110-180&
PITESTI;RIMNICUVILCEA-CRAIOVA;360-335-365-190-97-0-138-220-210-200-300&
CRAIOVA;RIMNICUVILCEA-PITESTI-DROBETA;335-370-390-220-146-138-0-120-130-160-270&
DROBETA;CRAIOVA-MEHADIA;260-290-340-230-170-220-120-0-75-130-170&
MEHADIA;LUGOJ-DROBETA;220-260-290-190-120-210-130-75-0-70-140&
LUGOJ;TIMISOARA-MEHADIA;160-210-260-120-110-200-160-130-70-0-111&
TIMISOARA;ARAD-LUGOJ;118-160-210-170-180-300-270-170-140-111-0&